64
-114.85 86.17 -150.03 
47.76 17.69 -154.99 
137.12 25.65 -0.83 
-118.35 143.02 -66.98 
-85.38 155.58 -102.27 
-40.59 151.17 -171.77 
-108.21 164.50 -45.59 
-90.87 158.65 49.88 
30.72 156.30 164.51 
68.23 26.69 -178.23 
-97.73 10.41 -88.66 
-151.93 7.60 -162.94 
111.60 162.57 164.43 
49.87 23.58 130.76 
73.51 108.61 159.33 
-58.78 17.37 129.94 
-16.54 42.63 -90.40 
130.22 19.70 -59.99 
-75.73 164.61 86.27 
-67.21 87.62 -144.86 
68.23 26.69 -178.23 
68.23 26.69 -178.23 
34.92 23.41 134.82 
72.61 20.47 -105.00 
-160.79 109.22 141.58 
118.18 160.80 5.67 
110.55 160.38 123.96 
62.29 22.46 29.42 
94.71 159.41 69.47 
58.73 157.25 169.14 
104.08 81.39 178.43 
59.89 111.60 -23.94 
-34.97 14.31 -146.00 
-71.99 162.22 -144.84 
-96.72 89.88 -23.57 
-89.23 17.41 -130.20 
36.23 23.40 78.54 
-118.17 21.60 -54.03 
-124.24 160.59 -72.04 
-120.67 93.92 146.12 
132.87 17.27 164.02 
-105.31 154.94 114.55 
85.31 164.12 68.93 
-88.76 19.47 -21.21 
-36.98 22.16 -170.88 
49.87 23.58 130.76 
-129.74 161.28 -161.89 
-130.06 36.68 166.24 
140.39 27.46 -6.31 
68.23 26.69 -178.23 
-95.02 17.39 -48.88 
-77.83 17.63 -171.72 
83.77 21.12 56.70 
62.87 20.66 55.32 
51.18 158.83 90.13 
49.92 24.76 -69.04 
19.47 28.60 109.85 
-71.95 161.75 -34.87 
-94.79 160.92 102.54 
77.57 161.46 115.11 
105.51 162.36 -150.68 
48.11 22.99 81.95 
60.78 146.57 -42.08 
96.39 158.14 137.55 
