1.00	0.20	0.20	0.20	0.20	0.20	1.00	1.00	1.00	1.00	1.00	1.00
0.20	1.00	0.20	0.20	0.20	0.20	1.00	1.00	1.00	1.00	1.00	1.00
0.20	0.20	1.00	0.20	0.20	0.20	1.00	1.00	1.00	1.00	1.00	1.00
0.50	0.50	0.50	1.00	0.20	0.20	1.00	1.00	1.00	1.00	1.00	1.00
0.50	0.50	0.50	0.20	1.00	0.20	1.00	1.00	1.00	1.00	1.00	1.00
0.50	0.50	0.50	0.20	0.20	1.00	1.00	1.00	1.00	1.00	1.00	1.00
0.50	0.50	0.50	0.20	0.20	0.20	1.00	0.20	0.20	0.20	0.20	0.20
0.50	0.50	0.50	0.20	0.20	0.20	0.20	1.00	0.20	0.20	0.20	0.20
0.50	0.50	0.50	0.20	0.20	0.20	0.20	0.20	1.00	0.20	0.20	0.20
0.50	0.50	0.50	0.20	0.20	0.20	0.20	0.20	0.20	1.00	0.20	0.20
0.50	0.50	0.50	0.20	0.20	0.20	0.20	0.20	0.20	0.20	1.00	0.20
0.50	0.50	0.50	0.20	0.20	0.20	0.20	0.20	0.20	0.20	0.20	1.00

