0.009	0.93	0.93	0.009	0.29	0.29	0.34	0.29	0.39	0.34	0.39	0.29	0.96	0.72	0.72	0.29	0.22	0.22	0.22	0.28	0.36	0.28	0.22	0.36
0.93	0.009	0.93	0.29	0.34	0.39	0.29	0.009	0.29	0.39	0.34	0.29	0.72	0.72	0.96	0.28	0.22	0.36	0.22	0.29	0.22	0.28	0.36	0.22
0.93	0.93	0.009	0.29	0.39	0.34	0.39	0.29	0.34	0.29	0.29	0.009	0.72	0.96	0.72	0.28	0.36	0.22	0.36	0.28	0.22	0.29	0.22	0.22
0.009	0.29	0.29	0.009	0.93	0.93	0.34	0.39	0.29	0.34	0.29	0.39	0.29	0.22	0.22	0.96	0.72	0.72	0.28	0.22	0.36	0.22	0.28	0.36
0.29	0.34	0.39	0.93	0.009	0.93	0.39	0.34	0.29	0.29	0.009	0.29	0.28	0.22	0.36	0.72	0.72	0.96	0.28	0.36	0.22	0.22	0.29	0.22
0.29	0.39	0.34	0.93	0.93	0.009	0.29	0.29	0.009	0.39	0.29	0.34	0.28	0.36	0.22	0.72	0.96	0.72	0.29	0.22	0.22	0.36	0.28	0.22
0.34	0.29	0.39	0.34	0.39	0.29	0.009	0.93	0.93	0.009	0.29	0.29	0.36	0.22	0.28	0.36	0.28	0.22	0.72	0.72	0.96	0.22	0.22	0.29
0.29	0.009	0.29	0.39	0.34	0.29	0.93	0.009	0.93	0.29	0.34	0.39	0.22	0.22	0.29	0.22	0.28	0.36	0.72	0.96	0.72	0.22	0.36	0.28
0.39	0.29	0.34	0.29	0.29	0.009	0.93	0.93	0.009	0.29	0.39	0.34	0.22	0.36	0.28	0.22	0.29	0.22	0.96	0.72	0.72	0.36	0.22	0.28
0.34	0.39	0.29	0.34	0.29	0.39	0.009	0.29	0.29	0.009	0.93	0.93	0.36	0.28	0.22	0.36	0.22	0.28	0.22	0.22	0.29	0.72	0.72	0.96
0.39	0.34	0.29	0.29	0.009	0.29	0.29	0.34	0.39	0.93	0.009	0.93	0.22	0.28	0.36	0.22	0.22	0.29	0.22	0.36	0.28	0.72	0.96	0.72
0.29	0.29	0.009	0.39	0.29	0.34	0.29	0.39	0.34	0.93	0.93	0.009	0.22	0.29	0.22	0.22	0.36	0.28	0.36	0.22	0.28	0.96	0.72	0.72
0.96	0.72	0.72	0.29	0.3	0.3	0.36	0.22	0.22	0.36	0.22	0.22	0.009	0.93	0.93	0.35	0.28	0.28	0.37	0.28	0.15	0.28	0.37	0.15
0.72	0.72	0.96	0.22	0.22	0.36	0.22	0.22	0.36	0.3	0.3	0.29	0.93	0.009	0.93	0.28	0.15	0.37	0.15	0.28	0.37	0.35	0.28	0.28
0.72	0.96	0.72	0.22	0.36	0.22	0.3	0.29	0.3	0.22	0.36	0.22	0.93	0.93	0.009	0.28	0.37	0.15	0.28	0.35	0.28	0.28	0.15	0.37
0.29	0.3	0.3	0.96	0.72	0.72	0.36	0.22	0.22	0.36	0.22	0.22	0.35	0.28	0.28	0.009	0.93	0.93	0.28	0.37	0.15	0.37	0.28	0.15
0.22	0.22	0.36	0.72	0.72	0.96	0.3	0.3	0.29	0.22	0.22	0.36	0.28	0.15	0.37	0.93	0.009	0.93	0.35	0.28	0.28	0.15	0.28	0.37
0.22	0.36	0.22	0.72	0.96	0.72	0.22	0.36	0.22	0.3	0.29	0.3	0.28	0.37	0.15	0.93	0.93	0.009	0.28	0.15	0.37	0.28	0.35	0.28
0.22	0.22	0.36	0.3	0.3	0.29	0.72	0.72	0.96	0.22	0.22	0.36	0.37	0.15	0.28	0.28	0.35	0.28	0.009	0.93	0.93	0.15	0.37	0.28
0.3	0.29	0.3	0.22	0.36	0.22	0.72	0.96	0.72	0.22	0.36	0.22	0.28	0.28	0.35	0.37	0.28	0.15	0.93	0.009	0.93	0.37	0.15	0.28
0.36	0.22	0.22	0.36	0.22	0.22	0.96	0.72	0.72	0.29	0.3	0.3	0.15	0.37	0.28	0.15	0.28	0.37	0.93	0.93	0.009	0.28	0.28	0.35
0.3	0.3	0.29	0.22	0.22	0.36	0.22	0.22	0.36	0.72	0.72	0.96	0.28	0.35	0.28	0.37	0.15	0.28	0.15	0.37	0.28	0.009	0.93	0.93
0.22	0.36	0.22	0.3	0.29	0.3	0.22	0.36	0.22	0.72	0.96	0.72	0.37	0.28	0.15	0.28	0.28	0.35	0.37	0.15	0.28	0.93	0.009	0.93
0.36	0.22	0.22	0.36	0.22	0.22	0.29	0.3	0.3	0.96	0.72	0.72	0.15	0.28	0.37	0.15	0.37	0.28	0.28	0.28	0.35	0.93	0.93	0.009

