256
2.146279e+01 1.097724e+02 2.645847e+02
2.455099e+02 9.870697e+01 3.494155e+02
1.527521e+01 1.173522e+02 3.120949e+02
2.572037e+01 1.272931e+02 3.104443e+01
1.877939e+02 4.995101e+01 1.319172e+02
3.482281e+01 9.805694e+01 1.329116e+02
2.945335e+02 3.914581e+01 2.466103e+02
2.943170e+02 1.025701e+02 2.152590e+02
2.600783e+02 5.743685e+01 2.841710e+02
5.395156e+01 1.019125e+02 1.323551e+02
2.374579e+02 5.190056e+01 7.417003e+01
1.866942e+02 5.932590e+01 3.119996e+01
3.502708e+02 1.041942e+02 2.778962e+02
2.336369e+02 1.246082e+02 7.404283e+01
2.881190e+02 5.449215e+01 1.397778e+02
1.633672e+02 2.602433e+01 1.986403e+02
1.556609e+02 1.101738e+02 8.242317e+01
2.971130e+02 6.996899e+01 2.310986e+02
3.004913e+01 9.704853e+01 1.744129e+02
4.794156e+01 4.816396e+01 5.466439e+01
6.241990e+01 5.747222e+01 2.814955e+02
1.407376e+02 1.317202e+02 3.621828e+01
2.992967e+02 4.361752e+01 1.058639e+02
2.892112e+02 1.155173e+01 8.545429e+01
2.176962e+01 8.834696e+01 1.911140e+02
1.437328e+02 3.977506e+01 3.293954e+01
1.896753e+02 7.986011e+01 1.459136e+02
1.500478e+02 1.336693e+02 3.774465e+01
2.364696e+02 1.268895e+02 4.042223e+01
2.260704e+02 1.007247e+02 2.823940e+02
1.051143e+02 6.017111e+01 1.049653e+02
1.553944e+02 4.937031e+01 2.172720e+02
5.575365e+00 5.455466e+01 3.471922e+02
3.542629e+02 1.112816e+02 1.556946e+02
6.018063e+01 8.609351e+01 2.501108e+02
3.823788e+01 1.450947e+02 2.729157e+02
1.340675e+02 1.409493e+02 1.557512e+02
7.132262e+01 1.366701e+02 2.359793e+02
1.762875e+02 6.906525e+01 3.951182e+01
1.222176e+02 9.055268e+01 3.361535e+02
3.425870e+02 1.283584e+02 6.748589e+01
3.313195e+02 9.057230e+01 9.582438e+01
1.896372e+01 1.348121e+02 2.872189e+02
2.656289e+02 1.528797e+02 1.755374e+02
9.688299e+01 4.545853e+01 2.768250e+02
1.522208e+02 8.304331e+01 1.425624e+02
1.972335e+02 3.077114e+01 9.825797e+01
3.393853e+02 6.683786e+01 1.340447e+01
1.503879e+02 8.046896e+01 2.423862e+02
3.538989e+02 5.089124e+01 1.546432e+02
1.085238e+02 4.070936e+01 1.626261e+02
2.523956e+02 1.208906e+01 2.195486e+02
2.398820e+02 1.773807e+02 2.138519e+01
1.940855e+02 4.304002e+01 1.136921e+02
2.513180e+02 7.698930e+01 2.781800e+02
2.399500e+02 1.150698e+01 2.507159e+02
6.412768e+01 8.682648e+01 4.511959e+01
4.608518e+01 9.234710e+01 4.685452e+01
3.596689e+02 5.293683e+01 3.324684e+01
6.160358e+01 1.229778e+02 2.815306e+00
1.173630e+01 9.021838e+01 1.523194e+02
2.020319e+02 3.670677e+01 2.360063e+02
3.174719e+02 8.141234e+01 2.602521e+02
2.409031e+02 4.634167e+01 1.912353e+02
6.855598e+01 6.149206e+01 3.917446e+01
1.328100e+02 8.009738e+01 2.274359e+02
1.658613e+02 1.204330e+02 4.553995e+01
3.533897e+02 7.055922e+01 4.834919e+01
5.630578e+01 1.464117e+02 3.549387e+01
3.079882e+02 7.540887e+01 5.112981e+01
2.321152e+02 7.122279e+01 6.057047e+01
1.354580e+02 6.264491e+01 7.064961e+01
6.873253e+01 3.860149e+01 1.142927e+02
1.541711e+02 1.528935e+01 1.139144e+02
1.735279e+02 5.744845e+01 7.832279e+01
4.342018e+01 8.062515e+01 9.037506e+01
2.122227e+02 3.106015e+01 3.214521e+02
8.142756e+01 8.078261e+01 2.531604e+02
1.384629e+02 1.650240e+02 2.000657e+02
2.098751e+02 1.393129e+02 6.639612e+01
9.065020e+01 4.349608e+01 7.633110e+01
1.045586e+02 9.179978e+01 2.784485e+01
2.221527e+02 4.639274e+01 3.289681e+02
9.550113e+01 1.255343e+02 2.544175e+02
2.967755e+02 8.399688e+01 2.008040e+02
3.537588e+02 7.494378e+01 1.128344e+02
2.628896e+02 1.593932e+02 5.983328e+01
1.237957e+02 7.673667e+01 2.240990e+02
2.102650e+02 1.059726e+02 3.556565e+02
3.879685e+01 1.542812e+02 6.135553e+01
3.262709e+02 9.119528e+01 9.280521e+01
3.166753e+02 1.279504e+02 1.428478e+02
2.943938e+02 1.389235e+02 2.663812e+01
9.386208e+01 1.260869e+02 2.462746e+02
2.139683e+02 1.349889e+02 1.448598e+02
8.104533e+00 1.284518e+02 3.538207e+02
1.530934e+02 1.561625e+02 1.447862e+02
1.125788e+02 7.431218e+01 2.234419e+02
5.813451e+01 1.158659e+02 5.557313e+01
6.435583e+01 8.557274e+01 1.372843e+02
1.522388e+02 6.702521e+01 5.800823e+01
3.392256e+01 9.010130e+01 2.729205e+02
2.154685e+02 8.589399e+01 3.136000e+02
1.695327e+02 9.629420e+01 1.262796e+02
2.505418e+02 1.387757e+02 2.467929e+02
2.519596e+02 9.110504e+01 1.058935e+02
2.298711e+02 4.508991e+01 1.910265e+02
1.209738e+01 4.159510e+01 2.996724e+02
2.477020e+01 1.173491e+02 2.150965e+02
1.150559e+02 1.256673e+02 1.207121e+02
1.911111e+02 8.253277e+01 1.077210e+02
2.356005e+02 7.370257e+01 1.629333e+02
1.467429e+02 9.955197e+01 1.521524e+02
2.951932e+02 1.260187e+02 1.294583e+02
2.586092e+02 2.638009e+01 2.009949e+02
3.487138e+02 1.467052e+02 2.673163e+02
1.912802e+02 1.420531e+02 1.527605e+02
1.170524e+02 1.357185e+02 1.545681e+02
3.802651e+01 1.318420e+02 4.495419e+01
2.199451e+02 7.600027e+01 8.796246e+00
2.803688e+02 8.152259e+01 1.044667e+02
1.524431e+02 1.536171e+02 1.143074e+02
3.269638e+01 3.041255e+01 2.353284e+02
9.592974e+01 6.278548e+01 3.444969e+02
5.531642e+01 6.159615e+01 3.368631e+02
1.011619e+02 1.508316e+02 1.648391e+02
1.584307e+02 4.387272e+01 8.657222e+01
1.897714e+02 2.967933e+01 2.750033e+02
1.646728e+02 1.435074e+01 2.733579e+02
3.151338e+02 4.412047e+01 2.666333e+02
1.864988e+02 5.517178e+01 2.677278e+02
3.397041e+02 8.846688e+01 3.813135e+01
2.295753e+02 1.301503e+02 2.453618e+02
3.447698e+02 1.017020e+02 1.667738e+02
8.665453e+01 1.370659e+02 7.637875e+01
2.434040e+02 1.597549e+02 3.546675e+01
1.040632e+02 2.856402e+01 2.964868e+02
2.418509e+02 1.134150e+02 6.300351e+01
2.502506e+02 1.141378e+02 5.888517e+01
2.447740e+01 1.095195e+02 2.397554e+02
9.172446e+01 9.377644e+01 3.219802e+02
8.065441e+01 7.275868e+01 1.859610e+02
2.404198e+02 1.617216e+02 2.529728e+02
3.039812e+02 4.681052e+01 5.529254e+01
1.240065e+02 8.321955e+01 3.432445e+02
2.809871e+02 4.491136e+01 1.947183e+02
2.431195e+02 1.077125e+02 2.447042e+02
2.417513e+00 9.619697e+01 1.316269e+01
2.167814e+02 1.530650e+02 2.913134e+02
1.392376e+02 1.302246e+02 2.695028e+02
3.297568e+02 7.099709e+01 4.326733e+01
4.143806e-01 1.097759e+02 1.890163e+02
1.664817e+02 3.715806e+01 1.173001e+02
1.527657e+02 1.397906e+02 1.967218e+02
1.659299e+02 1.235628e+01 1.435971e+02
2.772575e+02 8.541349e+01 1.494336e+02
1.160899e+02 6.555404e+01 6.506559e+01
2.825061e+02 2.583947e+00 9.193923e+01
1.696886e+02 1.151064e+02 7.392879e+00
1.287458e+01 9.984334e+01 3.325232e+02
6.331479e+01 9.403237e+01 2.353320e+02
2.598329e+02 5.813537e+01 3.357409e+02
1.704550e+02 5.047550e+01 5.886445e+01
5.497963e+01 1.430878e+02 3.315950e+02
1.228049e+02 1.300732e+02 2.860768e+02
2.186601e+02 1.063038e+02 2.078619e+02
6.902829e+01 1.524479e+02 1.584128e+02
2.658337e+02 8.749129e+01 9.274095e+01
8.742586e+01 1.091657e+02 2.707007e+02
3.302728e+02 1.304408e+02 8.232101e+01
9.686217e+01 1.255989e+02 2.310735e+01
2.755800e+02 3.587405e+01 2.762386e+02
6.791831e+01 6.946483e+01 2.416328e+02
1.034993e+02 9.361568e+01 2.574765e+02
3.280085e+01 3.448596e+01 2.311419e+02
2.074354e+02 1.423706e+02 1.508574e+02
2.460108e+02 6.058761e+01 1.406743e+02
1.967735e+02 6.180103e+01 2.938104e+02
1.532624e+02 8.289299e+01 1.142740e+02
2.319994e+02 1.291691e+02 2.932343e+02
2.331423e+02 7.878900e+01 2.840665e+02
2.444460e+02 1.135861e+02 3.068150e+02
2.288832e+02 1.370337e+02 1.820292e+02
3.402627e+02 1.250854e+02 2.288381e+02
7.521657e+01 3.782539e+01 3.423220e+02
2.553414e+02 1.489919e+02 1.598271e+02
8.504301e+01 1.209993e+02 2.160678e+01
4.298265e+01 1.531880e+02 3.120300e+02
2.186294e+02 9.669337e+01 2.272279e+02
1.620496e+02 1.667636e+02 1.278265e+02
1.651412e+02 3.740301e+01 3.589212e+02
2.383001e+02 1.273501e+02 8.070174e+01
2.773028e+02 1.444156e+02 2.348824e+02
1.260785e+02 1.126603e+02 2.177966e+02
2.383235e+02 9.504193e+01 1.394084e+02
1.498171e+02 1.428124e+02 5.118738e+01
3.030945e+02 7.786642e+00 9.048595e+00
2.998501e+02 1.096221e+02 1.516004e+02
9.231876e+01 1.139103e+02 6.627610e+01
2.208459e+02 1.511528e+02 2.612791e+02
2.096097e+02 1.137979e+02 1.333306e+02
1.946662e+02 1.551345e+02 3.029616e+02
3.131788e+02 8.937797e+01 2.643227e+02
9.532045e+01 5.847626e+01 2.055693e+02
1.145067e+02 7.480292e+01 6.366782e+01
4.291723e+01 1.451065e+02 3.446582e+02
3.383386e+02 1.469584e+02 9.551593e+01
2.323987e+02 5.632502e+01 3.328491e+02
1.726068e+02 3.587773e+01 8.055735e+01
2.301541e+02 8.612707e+01 1.344830e+02
1.960978e+02 1.414157e+02 3.150013e+01
2.330321e+02 4.933632e+01 2.304420e+02
1.957989e+02 1.088932e+02 6.502208e+01
2.595768e+02 1.143339e+02 1.621840e+01
1.880983e+02 6.048662e+01 2.603425e+02
3.577337e+02 1.683294e+02 1.250776e+02
7.872359e+01 1.545693e+02 2.378221e+02
3.808738e+01 7.037685e+01 1.381927e+02
3.949109e+01 7.805715e+01 2.258447e+02
2.289289e+01 8.700752e+01 7.793933e+00
1.456488e+02 6.265038e+01 3.278052e+02
1.614142e+02 6.551173e+01 2.882011e+02
1.316938e+02 5.575352e+01 2.685051e+02
2.748617e+02 1.150903e+02 2.927206e+02
2.260427e+02 6.735229e+01 1.379903e+02
2.779129e+02 8.349213e+01 2.222205e+02
3.358273e+02 1.019442e+02 2.071781e+02
3.501867e+02 1.512610e+02 1.908186e+02
6.913021e+01 5.591992e+01 9.902511e+01
4.999471e+01 1.089554e+02 8.950643e+01
2.506559e+02 7.754154e+01 1.625900e+02
3.377521e+01 6.115066e+01 8.197662e+01
1.891456e+02 1.422204e+02 2.896019e+02
1.909239e+02 1.380924e+02 3.549975e+02
3.100103e+02 8.431379e+01 1.079710e+01
1.745472e+02 9.169283e+01 1.928391e+02
1.416443e+02 3.865224e+01 3.134780e+01
2.417152e+02 5.327889e+01 2.887529e+02
2.668529e+02 6.205121e+01 3.560922e+02
1.872189e+02 1.538101e+02 2.410065e+01
1.251766e+02 1.486747e+02 3.381834e+02
5.399901e+01 1.453807e+02 6.543912e+00
2.109931e+02 5.336596e+01 2.461819e+02
9.437231e+01 2.762315e+01 2.821451e+02
1.600347e+01 6.844272e+01 1.922895e+02
2.717760e+02 1.373777e+02 3.187294e+02
8.740273e+01 6.354793e+01 3.236418e+02
1.592648e+02 1.411959e+02 2.253375e+02
2.476066e+02 1.399083e+02 4.963284e+01
1.293222e+02 7.365408e+01 7.840857e+01
2.650824e+02 1.100214e+02 6.557079e+01
1.420947e+02 7.208390e+01 1.505515e+01
2.460297e+02 6.011486e+01 3.849900e+01
2.534571e+02 8.042309e+01 2.219197e+02
1.592299e+02 6.131038e+01 3.382780e+02
7.047944e+00 1.220288e+02 1.276041e+02
