64
-14.29	154.87	38.61
-139.84	116.18	33.08
155.92	49.43	-135.54
-139.63	106.68	112.09
-140	111.05	28.38
-33	120.83	142.2
86.36	89.9	-89.23
-161.87	23.72	-143.89
47.46	107.94	-70.82
-55.64	122.76	140.11
-151.61	67.34	59.3
142.48	121.84	-38.92
96.12	122.99	-136.16
-144.84	21.05	-58.93
-156.58	134.13	136.52
58.23	105.86	11.12
173.87	140.87	-47.01
-144.57	119.45	-143.48
-115.12	119.23	-61.23
125.21	102.04	-100.32
176.8	143.28	-46.13
-31.94	123.49	-39.82
74.37	120.53	-57.87
-11.95	174.33	134.71
157.83	32.4	143.13
161.19	46.53	45.95
151.07	49.53	134.61
161.9	33.08	-127.96
152.84	62.88	-145.5
-154.25	137.27	47.91
-154.74	51.45	-133.58
-111.49	63.5	-112.6
148.81	57.37	-140.85
-95.71	122.59	-48.04
8.05	93.46	-4.3
87.05	57.35	47.29
146.43	122.38	50.65
-73.05	122.03	-37.91
-122.87	75.05	79.16
-114.66	59.62	146.49
149.72	60.27	36.82
154.21	50.21	134.02
153.61	132.65	133.91
146.29	55.82	40.21
-86.34	149.17	-176.65
-144.47	100.46	14.56
178.61	41.21	134.88
146.87	56.56	129.73
25.04	129.52	-135.82
25.02	121.26	-50.9
59.59	62.28	-116.57
47.62	66.02	61.86
-77.44	24.82	169.21
-63.83	113.13	155.13
2.26	41.66	44.53
19.76	19.22	-144.38
-136.79	104.51	16.36
42.48	88.14	178.33
-122.81	64.33	155.99
-28.32	70.34	-152.85
-97.8	122.2	38.09
-137.91	81.55	-99.05
-32.39	70.55	28
155.77	146.22	-143.14
